%YAML:1.0
detektor1: !!opencv-object-detector-hog
   winSize: [ 64, 128 ]
   blockSize: [ 16, 16 ]
   blockStride: [ 8, 8 ]
   cellSize: [ 8, 8 ]
   nbins: 9
   derivAperture: 1
   winSigma: 4.
   histogramNormType: 0
   L2HysThreshold: 2.0000000000000001e-001
   gammaCorrection: 1
   nlevels: 64
   SVMDetector: [ 5.35938591e-002, -1.47214547e-001, -5.53217009e-002,
       5.07730693e-002, 1.15470812e-001, -4.26880382e-002,
       4.63583395e-002, -5.46819903e-002, 8.23208392e-002,
       1.04240678e-001, -2.29451805e-002, 1.10851899e-002,
       1.37869297e-002, 1.11935101e-001, 1.26841804e-002,
       8.52834582e-002, -6.30923882e-002, 1.30546331e-001,
       8.10072869e-002, -5.20973913e-002, -4.31552902e-002,
       9.34138373e-002, 1.10350259e-001, -7.59621784e-002,
       -5.51751107e-002, -4.46529612e-002, 2.94733401e-002,
       4.55553606e-002, -3.55954492e-003, 7.81895593e-002,
       7.73099065e-002, 7.89071470e-002, 6.22289293e-002,
       9.00138021e-002, -3.57438102e-002, 3.41432691e-002,
       5.67725785e-002, -4.77358103e-002, 3.74663696e-002,
       -3.52117494e-002, 6.95544034e-002, -3.84903811e-002,
       1.05229300e-002, 1.73611194e-002, 1.08677097e-001,
       8.74885321e-002, 3.29739624e-003, 1.09070279e-001,
       7.91375786e-002, 1.03930697e-001, 2.09186692e-002,
       1.15940221e-001, 1.31824195e-001, 9.87935364e-002,
       5.36270998e-002, -6.74539134e-002, -7.01260753e-003,
       5.24702156e-003, 3.23625505e-002, 1.40791601e-002,
       2.20798291e-002, 2.53732204e-002, 4.54794802e-002,
       7.20075592e-002, 3.12989391e-002, -6.27446771e-002,
       2.10701395e-002, 6.03520796e-002, 8.63623619e-002,
       4.53164103e-003, 2.19336301e-002, 2.30980106e-002,
       5.56816608e-002, -2.64509302e-002, 4.44869511e-002,
       2.83751898e-002, 8.97569433e-002, 4.46151607e-002,
       8.97535533e-002, 7.51439109e-002, 2.30698194e-002,
       1.04100838e-001, 6.36838526e-002, 5.94346412e-002,
       4.58420580e-003, 5.22033684e-002, 6.67585135e-002,
       8.35856870e-002, 6.71210065e-002, 6.55900389e-002,
       -3.93048190e-002, -9.15936660e-003, -5.89791499e-002,
       2.81645302e-002, 5.03234789e-002, 6.78067133e-002,
       3.37764993e-002, -6.09417039e-004, -1.79514606e-002,
       -3.08368392e-002, -1.30247502e-002, -2.97231302e-002,
       7.88706727e-003, -3.52596082e-002, -2.50397739e-003,
       5.24508394e-002, 1.17912933e-001, -2.16749795e-002,
       5.29933199e-002, 6.64052367e-002, 5.19026518e-002,
       -8.27316567e-003, 3.03312708e-002, 5.84217310e-002,
       -4.01050318e-003, -6.25105947e-003, 5.86295798e-002,
       -2.46546101e-002, 5.54678105e-002, -8.22819471e-002,
       -7.23402798e-002, 4.64054011e-002, -1.30825397e-002,
       -2.50619091e-002, 3.10074594e-002, -4.66565117e-002,
       -4.59148586e-002, 2.94992700e-002, 6.03546202e-002,
       2.24464592e-002, -1.69863906e-002, 1.04004098e-002,
       1.13116996e-002, 5.41957915e-002, -2.13027708e-002,
       -4.32172194e-002, -3.66519801e-002, 1.12648997e-002,
       -2.60648802e-002, -2.22832803e-002, -2.25568004e-002,
       -3.42723615e-002, -7.75165204e-003, -6.19522892e-002,
       8.21638294e-003, 9.53597501e-002, -3.70997898e-002,
       -6.94250092e-002, 1.45794272e-001, -5.44819199e-002,
       -2.05590408e-002, 5.74735701e-002, 2.78178807e-002,
       -7.07757697e-002, -5.17831407e-002, -1.04290113e-001,
       -1.12355053e-001, 7.52903894e-002, -7.55930170e-002,
       -8.78673866e-002, 2.98384298e-002, 2.66758502e-002,
       1.38219902e-002, -1.79749597e-002, -3.14119905e-002,
       -2.09810100e-002, 9.02920365e-002, 4.95501794e-002,
       1.37187392e-001, 1.13799527e-001, 1.80019124e-003,
       -4.57760990e-002, -1.11108483e-003, -9.47053581e-002,
       -1.15960799e-001, 4.48934212e-002, 1.78421102e-002,
       3.06850672e-003, 1.07818663e-001, 3.36498418e-003,
       -1.08425803e-001, -7.43683875e-002, -1.05350703e-001,
       -1.86680499e-002, 1.60578907e-001, -5.07316366e-003,
       -4.29565795e-002, -5.90488780e-003, 8.82003549e-003,
       -1.49264596e-002, -5.02927899e-002, -1.28758803e-001,
       8.78831954e-004, -1.29718399e-002, -7.59277418e-002,
       -2.66883094e-002, -6.93787413e-004, 2.40669809e-002,
       -1.77329797e-002, -3.85574512e-002, -5.87785617e-002,
       3.25969495e-002, 1.28265843e-001, 6.29258975e-002,
       -4.10733931e-003, 1.09965310e-001, 1.33299101e-002,
       2.08873507e-002, 4.03750390e-002, -5.21075986e-002,
       7.76004568e-002, 6.39934689e-002, -5.75193018e-002,
       -1.00530572e-001, 7.50502273e-002, -2.13978197e-002,
       1.79617591e-002, 2.34400877e-003, -4.20831889e-002,
       7.35505521e-002, 5.09334989e-002, -2.99677998e-002,
       -2.21907198e-002, 3.35532986e-002, 4.41874191e-002,
       -5.58070503e-002, -5.03757298e-002, -4.54817899e-002,
       1.37951402e-002, 2.15067100e-002, -2.19421107e-002,
       -1.36827022e-001, 5.46497218e-002, 1.60808191e-002,
       5.30911610e-002, 4.70102206e-002, 1.33690401e-003,
       7.57566392e-002, 9.62530598e-002, 8.92647635e-003,
       -2.81912293e-002, 1.08668298e-001, -3.43932509e-002,
       -7.09237084e-002, -6.00478016e-002, -2.71229800e-002,
       -7.07467366e-003, -1.63701996e-002, 1.33678997e-002,
       -1.03136063e-001, 4.90658209e-002, -5.73244505e-002,
       -2.73107905e-002, 1.04223499e-002, -8.34066793e-002,
       3.68650109e-002, 6.10833988e-002, 1.32274805e-002,
       -7.80952871e-002, 3.77472416e-002, -3.41324806e-002,
       -6.09652512e-002, -4.21212390e-002, -7.98217580e-002,
       -1.25973229e-003, -3.04550100e-002, -1.23649295e-002,
       -6.31239489e-002, 4.78956997e-002, -4.60206605e-002,
       8.57656971e-002, 2.52107996e-002, 2.98809800e-002,
       1.03145830e-001, 7.06003532e-002, 4.52054404e-002,
       -4.42665406e-002, 1.31465301e-001, 8.38648975e-002,
       2.16458999e-002, -2.12280243e-003, -3.68635282e-002,
       -2.07494404e-002, -3.82995903e-002, -1.53059596e-002,
       2.68970802e-002, 1.18674010e-001, -6.04346991e-002,
       -2.78502293e-002, -4.77507412e-002, 4.87874486e-002,
       6.35095611e-002, 3.49478796e-002, 1.46740004e-002,
       1.17890188e-003, 4.37961407e-002, 2.03681854e-003,
       -3.95860896e-002, -1.07268803e-002, 6.43705716e-003,
       2.99650002e-002, -3.41850705e-002, -1.96030699e-002,
       -1.21915396e-002, -4.37000440e-003, -2.54945308e-002,
       2.64631808e-002, -1.63251292e-002, 6.46516960e-003,
       -1.92973409e-002, 4.78711911e-003, 4.96237092e-002,
       3.80911082e-002, 7.26572424e-002, 5.75812496e-002,
       -3.74155417e-002, 1.64860804e-002, -8.45285598e-003,
       3.99682596e-002, -8.18547681e-002, 2.63887495e-002,
       -4.02661487e-002, -2.74467394e-002, -4.07151692e-002,
       1.05096330e-003, -4.74123210e-002, -6.73317164e-002,
       8.70434940e-003, -2.19254307e-002, 1.35350740e-003,
       -3.05697396e-002, -2.97552105e-002, -2.88778003e-002,
       -1.21071301e-002, -4.82852608e-002, -9.06625092e-002,
       -9.96962935e-002, -3.66516411e-002, -8.88111943e-004,
       -6.82666898e-002, -1.86615009e-002, -3.62764001e-002,
       -1.40828798e-002, 1.87423900e-002, -2.07583494e-002,
       9.14517492e-002, -3.54729109e-002, 5.39678000e-002,
       4.19898108e-002, 1.30192498e-002, -3.38435397e-002,
       -1.22019760e-001, 6.83092028e-002, -3.71565409e-002,
       9.55848210e-003, 5.05685573e-003, 5.65929413e-002,
       3.90764466e-003, 2.80849002e-002, -5.51809706e-002,
       -3.71162109e-002, -2.83556506e-002, -4.42046411e-002,
       -1.03194704e-002, 1.88346598e-002, -8.49525444e-003,
       -9.41924974e-002, -1.26938699e-002, -2.13337094e-002,
       -1.01908147e-001, -7.84443021e-002, 2.43644323e-003,
       -4.09610150e-003, 1.20255100e-002, -6.45229071e-002,
       -1.05938181e-001, -2.46474594e-002, -2.19969898e-002,
       -7.40192980e-002, 7.28588626e-002, 8.87513801e-004,
       9.97662079e-003, 8.46779719e-003, 3.73033285e-002,
       -2.90512592e-002, 3.57333682e-002, -4.39368896e-002,
