%YAML:1.0
detektor1: !!opencv-object-detector-hog
   winSize: [ 64, 128 ]
   blockSize: [ 16, 16 ]
   blockStride: [ 8, 8 ]
   cellSize: [ 8, 8 ]
   nbins: 9
   derivAperture: 1
   winSigma: 4.
   histogramNormType: 0
   L2HysThreshold: 2.0000000000000001e-001
   gammaCorrection: 1
   nlevels: 64
   SVMDetector: [-0.00417842, -0.03506507, 0.003825917, 0.06352863, 0.07201092, 0.0917933, 0.006337955, -0.0226638, -0.01322042, -0.03056332, -0.04530104, 0.001289657, 0.06975356, 0.0480518, 0.08512576, 0.009188022, -0.02923276, -0.009243106, 0.03609792, 0.00213342, 0.01306047, 0.0531023, 0.04505147, 0.07734323, 0.008829405, 0.008313947, 0.01668159, 0.007449326, 0.005915114, 0.02048931, 0.06402274, 0.008162891, 0.06809687, -0.02296781, -0.02605522, -0.001472443, -0.01699487, -0.01358863, 0.02153199, 0.07857718, 0.04532278, 0.08034942, 0.04135483, -0.0225394, -0.0150688, -0.02220812, -0.003841002, 0.01051044, 0.08140038, 0.03771726, 0.05588134, 0.004037737, -0.04120301, -0.01723967, 0.03053768, -0.009113263, 0.01036764, 0.05704261, 0.04104762, 0.07786638, -0.006598281, -0.01928049, 0.02088341, 0.00649065, -0.02850614, -0.02429644, 0.0327328, 0.0292763, 0.06522075, -0.009182476, -0.03346644, -7.587142E-06, 0.01443504, 0.0003019591, 0.01840385, 0.05848859, 0.04293593, 0.0512429, -0.01388817, -0.01488572, 0.02574022, 0.02176046, -0.01255673, 0.01600247, 0.03440237, 0.02017701, 0.05074385, 0.005300975, -0.007083301, 0.01230272, 0.02229491, -0.02438463, -0.006432347, 0.03350342, 0.03667985, 0.04756632, -0.01061188, -0.02199681, 0.02950943, 0.01428803, -0.01208892, 0.0009939619, 0.01726362, 0.009536405, 0.02954387, -0.005154524, -0.00943119, 0.02255742, 0.01039186, -0.008812943, 0.01333911, 0.03543601, 0.02024957, 0.05879839, 0.02741597, -0.001968449, 0.003157644, 0.008655254, 0.01010753, 0.02756366, 0.04848848, 0.05111084, 0.06093333, 0.01944881, -0.01124118, -0.009440013, 0.0215071, -0.02182689, 0.01036044, 0.02700512, 0.004481232, 0.02974063, -0.01110841, -0.01604746, 0.01406482, 0.01044053, -0.02231234, 0.02482172, 0.05695188, 0.0225071, 0.03012078, -0.02733323, -0.02305647, 0.003959525, 0.02137331, 0.005821794, 0.0261534, 0.04596076, 0.04698599, 0.03317665, 0.000425886, -0.02679588, 0.00316938, 0.01181457, -0.001408721, 0.01492735, 0.03426867, 0.0311057, 0.03612531, -0.01659171, -0.01580708, -0.001626655, 0.02292717, -0.01924096, 0.0169659, 0.03769269, 0.03497455, 0.01951594, -0.03872336, -0.0295104, 0.02143366, 0.01823377, -0.01270726, -0.008893911, 0.02129641, 0.01259416, 0.02643345, -0.0332294, -0.03077151, -0.003942742, 0.04664601, 0.02433029, 0.04232493, 0.05107521, 0.04521168, 0.03026247, -0.008282474, 0.01056501, 0.02611558, 0.03448113, 0.006601651, 0.03429789, 0.01006824, 0.01059222, 0.0360691, -0.007705148, -0.01438226, 0.01580828, 0.04635231, -0.00516643, -0.01205067, 0.02139286, -0.01021629, 0.02005583, -0.0184537, -0.04140894, 0.02225815, -0.008456784, -0.03421138, -0.02334298, -0.01713319, -0.02202653, -0.007467106, -0.02823208, -0.04845192, -0.001994909, 0.02712124, 0.01033839, 0.03099208, 0.02148088, 0.03406131, 0.04937248, 0.01073145, 0.01314883, 0.03340092, 0.00185612, -0.002517704, 0.02764358, 0.01769316, 0.01083507, 0.02975065, 0.02398822, 0.03431607, -0.001505078, 0.008763926, 8.673015E-05, -0.0003414499, 0.007709221, 0.02288133, 0.01840365, -0.01378259, -0.0122537, 0.009147151, -0.02661786, -0.002924262, 0.008127092, 0.01048653, -0.002164081, 0.02652116, -0.02105272, -0.02343186, -0.03570507, 0.002136421, -0.001489182, 0.03101465, 0.04983791, 0.03578584, 0.0332623, 0.02924473, 0.02427362, 0.01222238, -0.02444386, -0.01453992, -0.006575129, 0.03354015, 0.03419377, 0.02518478, 0.02984074, -0.01039056, -0.004268147, -0.01279471, -0.03087838, -0.0007736007, 0.02600994, -0.005061993, 0.02337766, -0.00985876, -0.01992285, -0.01103647, -0.03282025, -0.04079775, -0.0132087, 0.005348234, 0.01731487, -0.004543031, -0.02843956, -0.02939367, -0.01690394, -0.02485152, 0.00767888, 0.005107004, 0.04043951, 0.05004399, 0.03939897, 0.03936963, 0.01568663, -0.01157222, -0.03101943, 0.0298589, 0.02096722, 0.03316867, 0.04614233, 0.0244984, 0.006418274, -0.01980437, -0.04075448, -0.01180426, -0.01901983, -0.004185696, 0.008739735, 0.0151292, 0.01655762, -0.007064049, -0.002253915, 0.001828109, -0.0369779, -0.0386244, -0.02110061, -0.02052656, 0.01026611, 0.01484596, -0.01366724, -0.006792556, -0.01628479, -0.0361857, 0.02985178, 0.01685211, 0.02819955, 0.04278793, 0.02908927, -0.01489703, -0.006768908, -0.02525063, -0.05409104, -0.01112257, 0.02382555, 0.004482984, 0.03582082, 0.04726414, 0.02238526, 0.002871655, -0.05105152, -0.02272965, -0.01376313, 0.00191824, 0.0006265007, 0.02074431, 0.007910018, -0.01613103, -0.006001465, 0.008489056, -0.03738665, -0.006512338, 0.01497271, 0.01851559, 0.01063668, -0.01311153, -0.01233077, -0.0190362, -0.02842512, -0.05126932, -0.001772866, 0.03392539, 0.02261616, 0.05006436, 0.06230913, 0.02857182, -0.00973674, -0.07277409, -0.06255948, -0.00222408, 0.0170031, 0.0196588, 0.04316201, 0.04418948, 0.03245679, -0.03375299, -0.08517459, -0.03613314, -0.01081556, 0.03756019, 0.02943538, 0.02767241, 0.03159658, -0.008450343, -0.01937752, -0.04569277, -0.05207123, -0.01788206, 0.01302607, 0.009583867, 0.009074454, 0.01998087, -0.01579362, -0.03488648, -0.05387246, -0.0405186, -0.01777723, 0.01458502, 0.01811332, 0.04231466, 0.04781731, 0.03381749, -0.009908914, -0.0480257, -0.04646691, -0.01395951, -0.00261103, -0.0008351967, 0.05118042, 0.0641467, 0.03558017, -8.021745E-05, -0.05101166, -0.02508273, 0.0001737166, 0.00908265, 0.01384464, 0.001832762, 0.01670085, -0.007798452, -0.02148233, -0.02506444, -0.03607749, -0.01094579, -0.03137398, 0.002773415, 0.01849208, 0.00891219, -0.001441578, -0.02021543, -0.03047743, -0.03285583, -0.002090643, -0.006134927, -0.001518277, 0.05068711, 0.06185792, 0.0280809, -0.00856436, -0.03711139, 0.01491795, 0.008836117, 0.01698943, 0.0251184, 0.03048766, 0.03973775, 0.02480224, 0.00940622, 0.005652861, -0.02705564, -0.006583866, -0.01818977, -0.003120181, 0.02979532, 0.01326792, 0.02045575, -0.02046728, -0.04261857, 0.006675411, -0.010651, 0.01248129, -0.01223734, 0.009335861, 0.008668426, 0.009187298, -0.01627979, -0.01932141, 0.02829563, -0.001736128, -0.02339547, 0.004829202, 0.02210248, 0.02523548, 0.005009772, -0.009585642, 0.01980405, 0.03421038, -0.01509928, -0.03342988, -0.0008927673, 0.04361133, 0.05841533, 0.02984793, 0.02211109, 0.04237082, 0.006928578, -0.006417334, -0.02944441, -0.02141559, 0.003406869, -0.00666103, -0.0227687, -0.03754201, -0.008729856, 0.009102933, 0.01453283, -0.02462382, -0.01384923, 0.02808313, 0.01733721, -0.01063841, 0.007895507, 0.02082306, 0.02341076, -0.04682608, -0.04458281, -0.02123942, 0.03295059, 0.02895477, 0.01260859, 0.01597724, 0.02538893, 0.01986689, -0.03640422, -0.01821114, 0.005533192, 0.02773849, 0.02834011, 0.005745813, 0.00809947, 0.04873708, 0.01013008, -0.01557633, -0.04005037, -0.007273467, 0.0195528, 0.0167532, 0.001451553, 0.0166198, 0.01426481, 0.02497631, -0.002318402, -0.01606574, 0.01417908, -0.006572938, 0.01889155, 0.001346938, -0.005541863, 0.02187579, 0.005337842, 0.009656185, 0.00628658, 0.0457632, 0.03799033, 0.06987485, 0.0005869484, -0.01679931, -0.0253674, -0.01029979, -0.004422329, -0.006963052, 0.0406125, 0.00706506, 0.05900626, -0.03394969, -0.05226929, -0.03182543, 0.04369673, 0.04106406, 0.02833917, 0.07867602, 0.07332241, 0.0762997, 0.0165256, 0.01921624, 0.03638756, 0.00345775, -0.003820238, -0.003618319, 0.05462505, 0.05918417, 0.08467109, -0.0005871105, -0.0002852908, 0.004362811, 0.03041229, -0.01272234, -0.002896771, 0.04564132, 0.02083042, 0.09011304, -0.008945849, -0.03048972, 0.009449977, 0.01405082, -0.02459488, -0.02729975, 0.0004412349, 0.0004752597, 0.06540621, -0.008314419, -0.0333172, 0.02012785, 0.05002575, 0.006277767, 0.01304122, 0.05468758, 0.04976407, 0.08070073, 0.007171934, 0.005846741, 0.04166784, 0.03102309, 0.003374901, 0.0116453, 0.01216721, 0.01908924, 0.05580674, 0.006522464, 